2 01010111011010010110101101101001 ^ 11110011111100111111001111110011

16 85AF + 90BC

10 ~ -2000
10 2 8793278316383117319
10 5678 >> 2

2 1111100011101010111 + 01101110110111
2 11011011 * 010101111
2 11011011 >> 2
2 11011011 << 1
2 0101 & 0011
2 0101 | 0011
2 0101 ^ 0011
2 01010111011010010110101101101001 ^ 11110011111100111111001111110011 (=10100100100110101001100010011010)
2 ~ 11111111111111111111111111111111111111111111111111111111111111111111111111111111111111111111111111111111111110000011100010101000
2 10 01101010111110111111
2 16 01101010111110111111

2 ror 11100011010111
2 rol 111000110101110